1.000000000000000000e+00
1.000000000000000000e+00
1.000000000000000000e+00
1.000000000000000000e+00
1.000000000000000000e+00
1.000000000000000000e+00
1.000000000000000000e+00
1.000000000000000000e+00
1.000000000000000000e+00
1.000000000000000000e+00
1.000000000000000000e+00
1.000000000000000000e+00
1.000000000000000000e+00
1.000000000000000000e+00
1.000000000000000000e+00
1.000000000000000000e+00
1.000000000000000000e+00
1.000000000000000000e+00
1.000000000000000000e+00
1.000000000000000000e+00
1.000000000000000000e+00
1.000000000000000000e+00
1.000000000000000000e+00
1.000000000000000000e+00
1.000000000000000000e+00
1.000000000000000000e+00
1.000000000000000000e+00
1.000000000000000000e+00
1.000000000000000000e+00
1.000000000000000000e+00
1.000000000000000000e+00
1.000000000000000000e+00
1.000000000000000000e+00
1.000000000000000000e+00
1.000000000000000000e+00
1.000000000000000000e+00
1.000000000000000000e+00
1.000000000000000000e+00
1.000000000000000000e+00
1.000000000000000000e+00
1.000000000000000000e+00
1.000000000000000000e+00
1.000000000000000000e+00
1.000000000000000000e+00
1.000000000000000000e+00
1.000000000000000000e+00
1.000000000000000000e+00
1.000000000000000000e+00
1.000000000000000000e+00
1.000000000000000000e+00
1.000000000000000000e+00
1.000000000000000000e+00
1.000000000000000000e+00
1.000000000000000000e+00
1.000000000000000000e+00
1.000000000000000000e+00
1.000000000000000000e+00
1.000000000000000000e+00
1.000000000000000000e+00
1.000000000000000000e+00
1.000000000000000000e+00
1.000000000000000000e+00
1.000000000000000000e+00
1.000000000000000000e+00
1.000000000000000000e+00
1.000000000000000000e+00
1.000000000000000000e+00
1.000000000000000000e+00
1.000000000000000000e+00
1.000000000000000000e+00
1.000000000000000000e+00
1.000000000000000000e+00
1.000000000000000000e+00
1.000000000000000000e+00
1.000000000000000000e+00
1.000000000000000000e+00
1.000000000000000000e+00
1.000000000000000000e+00
1.000000000000000000e+00
1.000000000000000000e+00
1.000000000000000000e+00
1.000000000000000000e+00
1.000000000000000000e+00
1.000000000000000000e+00
1.000000000000000000e+00
1.000000000000000000e+00
1.000000000000000000e+00
1.000000000000000000e+00
1.000000000000000000e+00
1.000000000000000000e+00
1.000000000000000000e+00
1.000000000000000000e+00
1.000000000000000000e+00
1.000000000000000000e+00
1.000000000000000000e+00
1.000000000000000000e+00
1.000000000000000000e+00
1.000000000000000000e+00
1.000000000000000000e+00
1.000000000000000000e+00
1.000000000000000000e+00
1.000000000000000000e+00
1.000000000000000000e+00
1.000000000000000000e+00
1.000000000000000000e+00
1.000000000000000000e+00
1.000000000000000000e+00
1.000000000000000000e+00
1.000000000000000000e+00
1.000000000000000000e+00
1.000000000000000000e+00
1.000000000000000000e+00
1.000000000000000000e+00
1.000000000000000000e+00
1.000000000000000000e+00
1.000000000000000000e+00
1.000000000000000000e+00
1.000000000000000000e+00
1.000000000000000000e+00
1.000000000000000000e+00
1.000000000000000000e+00
1.000000000000000000e+00
1.000000000000000000e+00
1.000000000000000000e+00
1.000000000000000000e+00
1.000000000000000000e+00
1.000000000000000000e+00
1.000000000000000000e+00
1.000000000000000000e+00
1.000000000000000000e+00
1.000000000000000000e+00
1.000000000000000000e+00
1.000000000000000000e+00
1.000000000000000000e+00
1.000000000000000000e+00
1.000000000000000000e+00
1.000000000000000000e+00
1.000000000000000000e+00
1.000000000000000000e+00
1.000000000000000000e+00
1.000000000000000000e+00
1.000000000000000000e+00
1.000000000000000000e+00
1.000000000000000000e+00
1.000000000000000000e+00
1.000000000000000000e+00
1.000000000000000000e+00
1.000000000000000000e+00
1.000000000000000000e+00
1.000000000000000000e+00
1.000000000000000000e+00
1.000000000000000000e+00
1.000000000000000000e+00
1.000000000000000000e+00
1.000000000000000000e+00
1.000000000000000000e+00
1.000000000000000000e+00
1.000000000000000000e+00
1.000000000000000000e+00
1.000000000000000000e+00
1.000000000000000000e+00
1.000000000000000000e+00
1.000000000000000000e+00
1.000000000000000000e+00
1.000000000000000000e+00
1.000000000000000000e+00
1.000000000000000000e+00
1.000000000000000000e+00
1.000000000000000000e+00
1.000000000000000000e+00
1.000000000000000000e+00
1.000000000000000000e+00
1.000000000000000000e+00
1.000000000000000000e+00
1.000000000000000000e+00
1.000000000000000000e+00
1.000000000000000000e+00
1.000000000000000000e+00
1.000000000000000000e+00
1.000000000000000000e+00
1.000000000000000000e+00
1.000000000000000000e+00
1.000000000000000000e+00
1.000000000000000000e+00
1.000000000000000000e+00
1.000000000000000000e+00
1.000000000000000000e+00
1.000000000000000000e+00
1.000000000000000000e+00
1.000000000000000000e+00
1.000000000000000000e+00
1.000000000000000000e+00
1.000000000000000000e+00
1.000000000000000000e+00
1.000000000000000000e+00
1.000000000000000000e+00
1.000000000000000000e+00
1.000000000000000000e+00
1.000000000000000000e+00
1.000000000000000000e+00
1.000000000000000000e+00
1.000000000000000000e+00
1.000000000000000000e+00
1.000000000000000000e+00
1.000000000000000000e+00
1.000000000000000000e+00
1.000000000000000000e+00
1.000000000000000000e+00
1.000000000000000000e+00
1.000000000000000000e+00
1.000000000000000000e+00
1.000000000000000000e+00
1.000000000000000000e+00
1.000000000000000000e+00
1.000000000000000000e+00
1.000000000000000000e+00
1.000000000000000000e+00
1.000000000000000000e+00
1.000000000000000000e+00
1.000000000000000000e+00
1.000000000000000000e+00
1.000000000000000000e+00
1.000000000000000000e+00
1.000000000000000000e+00
1.000000000000000000e+00
1.000000000000000000e+00
1.000000000000000000e+00
1.000000000000000000e+00
1.000000000000000000e+00
1.000000000000000000e+00
1.000000000000000000e+00
1.000000000000000000e+00
1.000000000000000000e+00
1.000000000000000000e+00
1.000000000000000000e+00
1.000000000000000000e+00
1.000000000000000000e+00
1.000000000000000000e+00
1.000000000000000000e+00
1.000000000000000000e+00
1.000000000000000000e+00
1.000000000000000000e+00
1.000000000000000000e+00
1.000000000000000000e+00
1.000000000000000000e+00
1.000000000000000000e+00
1.000000000000000000e+00
1.000000000000000000e+00
1.000000000000000000e+00
1.000000000000000000e+00
1.000000000000000000e+00
1.000000000000000000e+00
1.000000000000000000e+00
1.000000000000000000e+00
1.000000000000000000e+00
1.000000000000000000e+00
1.000000000000000000e+00
1.000000000000000000e+00
1.000000000000000000e+00
1.000000000000000000e+00
1.000000000000000000e+00
1.000000000000000000e+00
1.000000000000000000e+00
1.000000000000000000e+00
1.000000000000000000e+00
1.000000000000000000e+00
1.000000000000000000e+00
1.000000000000000000e+00
1.000000000000000000e+00
1.000000000000000000e+00
1.000000000000000000e+00
1.000000000000000000e+00
1.000000000000000000e+00
1.000000000000000000e+00
1.000000000000000000e+00
1.000000000000000000e+00
1.000000000000000000e+00
1.000000000000000000e+00
1.000000000000000000e+00
1.000000000000000000e+00
1.000000000000000000e+00
1.000000000000000000e+00
1.000000000000000000e+00
1.000000000000000000e+00
1.000000000000000000e+00
1.000000000000000000e+00
1.000000000000000000e+00
1.000000000000000000e+00
1.000000000000000000e+00
1.000000000000000000e+00
1.000000000000000000e+00
1.000000000000000000e+00
1.000000000000000000e+00
1.000000000000000000e+00
1.000000000000000000e+00
1.000000000000000000e+00
1.000000000000000000e+00
1.000000000000000000e+00
1.000000000000000000e+00
1.000000000000000000e+00
1.000000000000000000e+00
1.000000000000000000e+00
1.000000000000000000e+00
1.000000000000000000e+00
1.000000000000000000e+00
1.000000000000000000e+00
1.000000000000000000e+00
1.000000000000000000e+00
1.000000000000000000e+00
1.000000000000000000e+00
1.000000000000000000e+00
1.000000000000000000e+00
1.000000000000000000e+00
1.000000000000000000e+00
1.000000000000000000e+00
1.000000000000000000e+00
1.000000000000000000e+00
1.000000000000000000e+00
1.000000000000000000e+00
1.000000000000000000e+00
1.000000000000000000e+00
1.000000000000000000e+00
1.000000000000000000e+00
1.000000000000000000e+00
1.000000000000000000e+00
1.000000000000000000e+00
1.000000000000000000e+00
1.000000000000000000e+00
1.000000000000000000e+00
1.000000000000000000e+00
1.000000000000000000e+00
1.000000000000000000e+00
1.000000000000000000e+00
1.000000000000000000e+00
1.000000000000000000e+00
1.000000000000000000e+00
1.000000000000000000e+00
1.000000000000000000e+00
1.000000000000000000e+00
1.000000000000000000e+00
1.000000000000000000e+00
1.000000000000000000e+00
1.000000000000000000e+00
1.000000000000000000e+00
1.000000000000000000e+00
1.000000000000000000e+00
1.000000000000000000e+00
1.000000000000000000e+00
1.000000000000000000e+00
1.000000000000000000e+00
1.000000000000000000e+00
1.000000000000000000e+00
1.000000000000000000e+00
1.000000000000000000e+00
1.000000000000000000e+00
1.000000000000000000e+00
1.000000000000000000e+00
1.000000000000000000e+00
1.000000000000000000e+00
1.000000000000000000e+00
1.000000000000000000e+00
1.000000000000000000e+00
1.000000000000000000e+00
1.000000000000000000e+00
1.000000000000000000e+00
1.000000000000000000e+00
1.000000000000000000e+00
1.000000000000000000e+00
1.000000000000000000e+00
1.000000000000000000e+00
1.000000000000000000e+00
1.000000000000000000e+00
1.000000000000000000e+00
1.000000000000000000e+00
1.000000000000000000e+00
1.000000000000000000e+00
1.000000000000000000e+00
1.000000000000000000e+00
1.000000000000000000e+00
1.000000000000000000e+00
1.000000000000000000e+00
1.000000000000000000e+00
1.000000000000000000e+00
1.000000000000000000e+00
1.000000000000000000e+00
1.000000000000000000e+00
1.000000000000000000e+00
1.000000000000000000e+00
1.000000000000000000e+00
1.000000000000000000e+00
1.000000000000000000e+00
1.000000000000000000e+00
1.000000000000000000e+00
1.000000000000000000e+00
1.000000000000000000e+00
1.000000000000000000e+00
1.000000000000000000e+00
1.000000000000000000e+00
1.000000000000000000e+00
1.000000000000000000e+00
1.000000000000000000e+00
1.000000000000000000e+00
1.000000000000000000e+00
1.000000000000000000e+00
1.000000000000000000e+00
1.000000000000000000e+00
1.000000000000000000e+00
1.000000000000000000e+00
1.000000000000000000e+00
1.000000000000000000e+00
1.000000000000000000e+00
1.000000000000000000e+00
1.000000000000000000e+00
1.000000000000000000e+00
1.000000000000000000e+00
1.000000000000000000e+00
1.000000000000000000e+00
1.000000000000000000e+00
1.000000000000000000e+00
1.000000000000000000e+00
1.000000000000000000e+00
1.000000000000000000e+00
1.000000000000000000e+00
1.000000000000000000e+00
1.000000000000000000e+00
1.000000000000000000e+00
1.000000000000000000e+00
1.000000000000000000e+00
1.000000000000000000e+00
1.000000000000000000e+00
1.000000000000000000e+00
1.000000000000000000e+00
1.000000000000000000e+00
1.000000000000000000e+00
1.000000000000000000e+00
1.000000000000000000e+00
1.000000000000000000e+00
1.000000000000000000e+00
1.000000000000000000e+00
1.000000000000000000e+00
1.000000000000000000e+00
1.000000000000000000e+00
1.000000000000000000e+00
1.000000000000000000e+00
1.000000000000000000e+00
1.000000000000000000e+00
1.000000000000000000e+00
1.000000000000000000e+00
1.000000000000000000e+00
1.000000000000000000e+00
1.000000000000000000e+00
1.000000000000000000e+00
1.000000000000000000e+00
1.000000000000000000e+00
1.000000000000000000e+00
1.000000000000000000e+00
1.000000000000000000e+00
1.000000000000000000e+00
1.000000000000000000e+00
1.000000000000000000e+00
1.000000000000000000e+00
1.000000000000000000e+00
1.000000000000000000e+00
1.000000000000000000e+00
1.000000000000000000e+00
1.000000000000000000e+00
1.000000000000000000e+00
1.000000000000000000e+00
1.000000000000000000e+00
1.000000000000000000e+00
1.000000000000000000e+00
1.000000000000000000e+00
1.000000000000000000e+00
1.000000000000000000e+00
1.000000000000000000e+00
1.000000000000000000e+00
1.000000000000000000e+00
1.000000000000000000e+00
1.000000000000000000e+00
1.000000000000000000e+00
1.000000000000000000e+00
1.000000000000000000e+00
1.000000000000000000e+00
1.000000000000000000e+00
1.000000000000000000e+00
1.000000000000000000e+00
1.000000000000000000e+00
1.000000000000000000e+00
1.000000000000000000e+00
1.000000000000000000e+00
1.000000000000000000e+00
1.000000000000000000e+00
1.000000000000000000e+00
1.000000000000000000e+00
1.000000000000000000e+00
1.000000000000000000e+00
1.000000000000000000e+00
1.000000000000000000e+00
1.000000000000000000e+00
1.000000000000000000e+00
8.696718599258882465e-01
8.704574794365927959e-01
8.768077687427540123e-01
9.062465734827310770e-01
9.620604768685376840e-01
9.429884486361130858e-01
8.283884233679057463e-01
8.594572579580593841e-01
8.606400704334596918e-01
8.659437292383952434e-01
8.739397115833629215e-01
8.816723953755680743e-01
8.785956133996543072e-01
8.847061501381906501e-01
8.809374200516432163e-01
8.743396696954902625e-01
9.004938162850869565e-01
9.023977184184848177e-01
9.058844375938528426e-01
9.090846701340223879e-01
9.136078407952628044e-01
9.085836051195425034e-01
9.295577839684524557e-01
1.135140321474065184e+00
1.163070242909395313e+00
1.099664865831985416e+00
1.004860965941255735e+00
9.780886807320471332e-01
9.840011613051499184e-01
1.048258110872859250e+00
1.126095811179333772e+00
1.468279940033401898e+00
1.382771993871241056e+00
1.881245916968040444e+00
3.336616747319935516e+00
3.835765889161507847e+00
1.950847016086298513e+00
1.018490215179501668e+00
8.283641337729745757e-01
8.002610592904944031e-01
8.141283554220576368e-01
8.480184352931320335e-01
7.755286988955214511e-01
8.256014309485696367e-01
8.478975291667995018e-01
8.566419529825961554e-01
8.567207755975740913e-01
8.659632710741723693e-01
8.774157620701648064e-01
8.802859278554354683e-01
8.813263462749912902e-01
8.940100076794949002e-01
9.101316412422497670e-01
9.108037407882255687e-01
8.974752479551220130e-01
8.907784870087983586e-01
8.728569995001123072e-01
8.943770321396494749e-01
9.258247923395392931e-01
9.393688557000995365e-01
9.448357867432370938e-01
9.510350117776247281e-01
9.579630744187489499e-01
9.611268358643006993e-01
9.624654416667015600e-01
9.683421716079769759e-01
9.762026617397144834e-01
9.832428430705588696e-01
9.896855530790170663e-01
9.931382583907027994e-01
9.891574255582330499e-01
9.766859416393526283e-01
9.565098379407042106e-01
9.311364646802490208e-01
9.216423745474688900e-01
9.280515052876525672e-01
9.282362304853073454e-01
9.372798739388268352e-01
9.684094612726497076e-01
9.953830456196685050e-01
9.830488725611281620e-01
9.840518327114584629e-01
9.933702711161449539e-01
1.002812542335192569e+00
1.009392835104060415e+00
1.014728508527377171e+00
1.018262436011377448e+00
1.021358966283429703e+00
1.027479107297020633e+00
1.035199976181163439e+00
1.044128457237278873e+00
1.052668116333954185e+00
1.057668252368353379e+00
1.057383893212161308e+00
1.052594365062077486e+00
1.048279677716123404e+00
1.047210845312064098e+00
1.049876726657863912e+00
1.052945704780274605e+00
1.057524195232990794e+00
1.062553314044754948e+00
1.065048275577383130e+00
1.064524575453967392e+00
1.061386319064886230e+00
1.055092835421909347e+00
1.048682355827859736e+00
1.045681899799361103e+00
1.051836606546568520e+00
1.063198723270276647e+00
1.076022253367256987e+00
1.087149551275817583e+00
1.094438268542097026e+00
1.098940254302865460e+00
1.103422039005421018e+00
1.107682578811331364e+00
1.114005296611019880e+00
1.119549197710353106e+00
1.123663801704641863e+00
1.124537214768050131e+00
1.122428362223557130e+00
1.116909287342634949e+00
1.106752780450634965e+00
1.093443246172262517e+00
1.083446321250133959e+00
1.091284852719589304e+00
1.150710860355008469e+00
1.314017426926152199e+00
1.580125419623704230e+00
1.790746259637415072e+00
1.650340513808000065e+00
1.045305264198314266e+00
7.908733451603235931e-01
8.625465163595709139e-01
9.209995899800199615e-01
9.516293148614659581e-01
9.743252074851252997e-01
9.930220610036611939e-01
1.008122715739471431e+00
1.020739958843021489e+00
1.031979535433596773e+00
1.041520018018970539e+00
1.048686157495565485e+00
1.056061052385998567e+00
1.065529490359856002e+00
1.076874703614347117e+00
1.088875002311270990e+00
1.100274834039931315e+00
1.111640105240293774e+00
1.122695687913043194e+00
1.131710632525015026e+00
1.138108568696386547e+00
1.141606828888373393e+00
1.144464661460122379e+00
1.147211257120069217e+00
1.149442086588457590e+00
1.151496463423745675e+00
1.152509890514910929e+00
1.152888946901977629e+00
1.152964286192057930e+00
1.153088535968535666e+00
1.151327402161036462e+00
1.149737850954312579e+00
1.147742565861648245e+00
1.147157320662794300e+00
1.148782984848525812e+00
1.152507603725027030e+00
1.157232893274523722e+00
1.163219776082527801e+00
1.168088960552302380e+00
1.172507520451315788e+00
1.175891155816587652e+00
1.178506965728458367e+00
1.180995355610825914e+00
1.184702407377098643e+00
1.189686944944630564e+00
1.195923230172279084e+00
1.201646501928382182e+00
1.206649050487679897e+00
1.211352093630930993e+00
1.221276811508676952e+00
1.252210420906432198e+00
1.320737025414393750e+00
1.416904754184499016e+00
1.580684605951816479e+00
1.708782889985893894e+00
1.423673104816182144e+00
1.006259597718776488e+00
9.084261987805838379e-01
9.529896556788716167e-01
9.956067734824883830e-01
1.032872647975266789e+00
1.064173978801211895e+00
1.089974089374778687e+00
1.110099758230946643e+00
1.124873600595270418e+00
1.136420664749060228e+00
1.146390475269404963e+00
1.154539244183852897e+00
1.162023504179649835e+00
1.168668369412401375e+00
1.174806333874522934e+00
1.180448001001791702e+00
1.185662796338989189e+00
1.190882743876986449e+00
1.196124732621724585e+00
1.200513524494641437e+00
1.204104965986487752e+00
1.209237935083407711e+00
1.215672303835514834e+00
1.224448783860003775e+00
1.234766052782382495e+00
1.238954923957507059e+00
1.239029356247334679e+00
1.239698728839765174e+00
1.242320355001226062e+00
1.246098809165175902e+00
1.249002531337815913e+00
1.251731628598653501e+00
1.252997649075756836e+00
1.254712517393653304e+00
1.254930221140742486e+00
1.253898600371890604e+00
1.252161159297411119e+00
1.248969991900495513e+00
1.246095309002429596e+00
1.243858701683380641e+00
1.242265700985503152e+00
1.240998839369457096e+00
1.240755068100086511e+00
1.242462331758851013e+00
1.244546654373087424e+00
1.247876812212579845e+00
1.251639768121655116e+00
1.256667467533756799e+00
1.263649610542594726e+00
1.271279896612810933e+00
1.278671384902841934e+00
1.284164375098074462e+00
1.285506569171938729e+00
1.285830313925635293e+00
1.287595640693515175e+00
1.290211736993420732e+00
1.292838443034971529e+00
1.295582852966762788e+00
1.296846696503870078e+00
1.298146074468455646e+00
1.299285913447870699e+00
1.300880188269931237e+00
1.302383022905529097e+00
1.304470640582737762e+00
1.305986635790346906e+00
1.307672070465833114e+00
1.309224313729378197e+00
1.311254009508337814e+00
1.313349886516104625e+00
1.315298356573603611e+00
1.317644699110281703e+00
1.318979063725588707e+00
1.319192050762999058e+00
1.318465976378855764e+00
1.317410078637014648e+00
1.316975833764908455e+00
1.316229106261011417e+00
1.316245461932900040e+00
1.316274183931451347e+00
1.316018911673807024e+00
1.315839084155622007e+00
1.315222723241200153e+00
1.314139084774465838e+00
1.313903580666322402e+00
1.314223206267865596e+00
1.316684704899030667e+00
1.322395491801199974e+00
1.331994478541300486e+00
1.342370724568471729e+00
1.345629050639084667e+00
1.339345589066494702e+00
1.326175941105015132e+00
1.306514710744213881e+00
1.288401734049566816e+00
1.273803240694060035e+00
1.268856977596759084e+00
1.276596650800128518e+00
1.291735271862011203e+00
1.312349805644914991e+00
1.341822116522529917e+00
1.365391513952764146e+00
1.378496559202836202e+00
1.382148681107016053e+00
1.382378354881367288e+00
1.380835386905542084e+00
1.378458930748861055e+00
1.376366033780856313e+00
1.373862176599585316e+00
1.371233566069655740e+00
1.370355837729783754e+00
1.370345887580224797e+00
1.371282709794772181e+00
1.374256001911346559e+00
1.375550784092834711e+00
1.378617870329016615e+00
1.381731663962457723e+00
1.384078341464188622e+00
1.386258206315622132e+00
1.388325541710738742e+00
1.390975561336984301e+00
1.393360773192252822e+00
1.394720384390627732e+00
1.397351463337870303e+00
1.401701792458604379e+00
1.405600507456086001e+00
1.409977688763450754e+00
1.413945729672714924e+00
1.417315282967579471e+00
1.421719138405459715e+00
1.425334171249194704e+00
1.428396169096658230e+00
1.431709537546258737e+00
1.434018920343393955e+00
1.436878111734290142e+00
1.438893801778491355e+00
1.439525037011694542e+00
1.438489584373099373e+00
1.437158644655799788e+00
1.438069503006627725e+00
1.441517352466838320e+00
1.445550993865401646e+00
1.440285636755683107e+00
1.419362417736825810e+00
1.384572941326272399e+00
1.349427239011575574e+00
1.313779359639283939e+00
1.278449242343563386e+00
1.255831218205282207e+00
1.252252739209638976e+00
1.263895735767888162e+00
1.283445513597123444e+00
1.303106193479239394e+00
1.319924184041697757e+00
1.334104531584600295e+00
1.346473780374842777e+00
1.355992525923939818e+00
1.365730199482046103e+00
1.374539043361938884e+00
1.382269220257525300e+00
1.389966176028166744e+00
1.397333082879082422e+00
1.402798192209851358e+00
1.408055365479854659e+00
1.412597693078563976e+00
1.416554697721460920e+00
1.421330957256535577e+00
1.424864217423967627e+00
1.428148137284544150e+00
1.430768078815152000e+00
1.433409395356820992e+00
1.434969657089193218e+00
1.437532253858672115e+00
1.439342524826596526e+00
1.439023524952251831e+00
1.437965499115372081e+00
1.436489007120678618e+00
1.434397157550200363e+00
1.434482485558229881e+00
1.434817859709673904e+00
1.435997873948824166e+00
1.437503849012208956e+00
1.440750980884365928e+00
1.441237280627120310e+00
1.443127706313467318e+00
1.445045958428490263e+00
1.447185580215080147e+00
1.449369396661225329e+00
1.452832829876704812e+00
1.455433962373384960e+00
1.458958096495415635e+00
1.464200871146752236e+00
1.471147352888723336e+00
1.478937568031402305e+00
1.489830813878584514e+00
1.503321676555859243e+00
1.517585080475804427e+00
1.530940337537702423e+00
1.543472201688549150e+00
1.552738457462190302e+00
1.558383604359546704e+00
1.560210327723769330e+00
1.556101514269943253e+00
1.549356561998780801e+00
1.541574536176721244e+00
1.536872240099833364e+00
1.535469645638032121e+00
1.535331720195119987e+00
1.535229204767599498e+00
1.536073763810547277e+00
1.536650956507883858e+00
1.536784361911303520e+00
1.536487197048299613e+00
1.535497258138787791e+00
1.536134686514717407e+00
1.536196462494128667e+00
1.536398143724725607e+00
1.536117005584426654e+00
1.535072779060180359e+00
1.534858829603075403e+00
1.534097322220528747e+00
1.534183320416553142e+00
1.533260538537932760e+00
1.532618808230655771e+00
1.532096284053293012e+00
1.530659855790595048e+00
1.528940020960619428e+00
1.527222241983826390e+00
1.524684553968917999e+00
1.523930901226877355e+00
1.522631719788741789e+00
1.521160128038864023e+00
1.518646402038218435e+00
1.516270190175003085e+00
1.515107583970330296e+00
1.513097831752876932e+00
1.511048209247640495e+00
1.508429379272530069e+00
1.505893489502672322e+00
1.502895590647159052e+00
1.498971170468239356e+00
1.496454963419546980e+00
1.493826128058560965e+00
1.492727347973401786e+00
1.494671132620636111e+00
1.501632731264133547e+00
1.508370884312780102e+00
1.511018303565239584e+00
1.510435024220148081e+00
1.506793949067465332e+00
1.503345266549495962e+00
1.498545310140604991e+00
1.496038381530003125e+00
1.491380167676827906e+00
1.491701692480202901e+00
1.493591471732473863e+00
1.496623138690123422e+00
1.502821862838434663e+00
1.508210077456380693e+00
1.513975212745318988e+00
1.521630127729655557e+00
1.527828781304709338e+00
1.534262970394442593e+00
1.540432137143593838e+00
1.545929343759252061e+00
1.550512537128568846e+00
1.553862032197373289e+00
1.556733948987293781e+00
1.558782623975962567e+00
1.559964307067963851e+00
1.561641895508037559e+00
1.563402606929337191e+00
1.564966995530892024e+00
1.566747964051527164e+00
1.567486495238344935e+00
1.568694470154658349e+00
1.570491019958171197e+00
1.569467685272445623e+00
1.568231940553724613e+00
1.566415963293757985e+00
1.563462520227906660e+00
1.559261230216959504e+00
1.553304860032155066e+00
1.546471986118671094e+00
1.539557217323049843e+00
1.532174273654392849e+00
1.524815022353037897e+00
1.518849936780099164e+00
1.512660206667924889e+00
1.507391256445443251e+00
1.504233708816402615e+00
1.503103613534660932e+00
1.504189398819206991e+00
1.506703427948993035e+00
1.511406683719356936e+00
1.516848759755331510e+00
1.519543059622032954e+00
1.523709520971744613e+00
1.527949481010004940e+00
1.531972002952683765e+00
1.535694703381941917e+00
1.538733571756680574e+00
1.541946265472274202e+00
1.544433784338500093e+00
1.546620158763034603e+00
1.550134792739578993e+00
1.552251744926126387e+00
1.555246154836397832e+00
1.557423027252923697e+00
1.559170835863168403e+00
1.560803640009102322e+00
1.561813670260986386e+00
1.562690163048754188e+00
1.564122791896891629e+00
1.563198395733144563e+00
