0.000000000000000000e+00
0.000000000000000000e+00
0.000000000000000000e+00
0.000000000000000000e+00
0.000000000000000000e+00
0.000000000000000000e+00
0.000000000000000000e+00
0.000000000000000000e+00
0.000000000000000000e+00
0.000000000000000000e+00
0.000000000000000000e+00
0.000000000000000000e+00
0.000000000000000000e+00
0.000000000000000000e+00
0.000000000000000000e+00
0.000000000000000000e+00
0.000000000000000000e+00
0.000000000000000000e+00
0.000000000000000000e+00
0.000000000000000000e+00
0.000000000000000000e+00
0.000000000000000000e+00
0.000000000000000000e+00
0.000000000000000000e+00
0.000000000000000000e+00
0.000000000000000000e+00
0.000000000000000000e+00
0.000000000000000000e+00
0.000000000000000000e+00
0.000000000000000000e+00
0.000000000000000000e+00
0.000000000000000000e+00
0.000000000000000000e+00
0.000000000000000000e+00
0.000000000000000000e+00
0.000000000000000000e+00
0.000000000000000000e+00
0.000000000000000000e+00
0.000000000000000000e+00
0.000000000000000000e+00
0.000000000000000000e+00
0.000000000000000000e+00
0.000000000000000000e+00
0.000000000000000000e+00
0.000000000000000000e+00
0.000000000000000000e+00
0.000000000000000000e+00
0.000000000000000000e+00
0.000000000000000000e+00
0.000000000000000000e+00
0.000000000000000000e+00
0.000000000000000000e+00
0.000000000000000000e+00
0.000000000000000000e+00
0.000000000000000000e+00
0.000000000000000000e+00
0.000000000000000000e+00
0.000000000000000000e+00
0.000000000000000000e+00
0.000000000000000000e+00
0.000000000000000000e+00
0.000000000000000000e+00
0.000000000000000000e+00
0.000000000000000000e+00
0.000000000000000000e+00
0.000000000000000000e+00
0.000000000000000000e+00
0.000000000000000000e+00
0.000000000000000000e+00
0.000000000000000000e+00
0.000000000000000000e+00
0.000000000000000000e+00
0.000000000000000000e+00
0.000000000000000000e+00
0.000000000000000000e+00
0.000000000000000000e+00
0.000000000000000000e+00
0.000000000000000000e+00
0.000000000000000000e+00
0.000000000000000000e+00
0.000000000000000000e+00
0.000000000000000000e+00
0.000000000000000000e+00
0.000000000000000000e+00
0.000000000000000000e+00
0.000000000000000000e+00
0.000000000000000000e+00
0.000000000000000000e+00
0.000000000000000000e+00
0.000000000000000000e+00
0.000000000000000000e+00
0.000000000000000000e+00
0.000000000000000000e+00
0.000000000000000000e+00
0.000000000000000000e+00
0.000000000000000000e+00
0.000000000000000000e+00
0.000000000000000000e+00
0.000000000000000000e+00
0.000000000000000000e+00
0.000000000000000000e+00
0.000000000000000000e+00
0.000000000000000000e+00
0.000000000000000000e+00
0.000000000000000000e+00
0.000000000000000000e+00
0.000000000000000000e+00
0.000000000000000000e+00
0.000000000000000000e+00
0.000000000000000000e+00
0.000000000000000000e+00
0.000000000000000000e+00
0.000000000000000000e+00
0.000000000000000000e+00
0.000000000000000000e+00
0.000000000000000000e+00
0.000000000000000000e+00
0.000000000000000000e+00
0.000000000000000000e+00
0.000000000000000000e+00
0.000000000000000000e+00
0.000000000000000000e+00
0.000000000000000000e+00
0.000000000000000000e+00
0.000000000000000000e+00
0.000000000000000000e+00
0.000000000000000000e+00
0.000000000000000000e+00
0.000000000000000000e+00
0.000000000000000000e+00
0.000000000000000000e+00
0.000000000000000000e+00
0.000000000000000000e+00
0.000000000000000000e+00
0.000000000000000000e+00
0.000000000000000000e+00
0.000000000000000000e+00
0.000000000000000000e+00
0.000000000000000000e+00
0.000000000000000000e+00
0.000000000000000000e+00
0.000000000000000000e+00
0.000000000000000000e+00
0.000000000000000000e+00
0.000000000000000000e+00
0.000000000000000000e+00
0.000000000000000000e+00
0.000000000000000000e+00
0.000000000000000000e+00
0.000000000000000000e+00
0.000000000000000000e+00
0.000000000000000000e+00
0.000000000000000000e+00
0.000000000000000000e+00
0.000000000000000000e+00
0.000000000000000000e+00
0.000000000000000000e+00
0.000000000000000000e+00
0.000000000000000000e+00
0.000000000000000000e+00
0.000000000000000000e+00
0.000000000000000000e+00
0.000000000000000000e+00
0.000000000000000000e+00
0.000000000000000000e+00
0.000000000000000000e+00
0.000000000000000000e+00
0.000000000000000000e+00
0.000000000000000000e+00
0.000000000000000000e+00
0.000000000000000000e+00
0.000000000000000000e+00
0.000000000000000000e+00
0.000000000000000000e+00
0.000000000000000000e+00
0.000000000000000000e+00
0.000000000000000000e+00
0.000000000000000000e+00
0.000000000000000000e+00
0.000000000000000000e+00
0.000000000000000000e+00
0.000000000000000000e+00
0.000000000000000000e+00
0.000000000000000000e+00
0.000000000000000000e+00
0.000000000000000000e+00
0.000000000000000000e+00
0.000000000000000000e+00
0.000000000000000000e+00
0.000000000000000000e+00
0.000000000000000000e+00
0.000000000000000000e+00
0.000000000000000000e+00
0.000000000000000000e+00
0.000000000000000000e+00
0.000000000000000000e+00
0.000000000000000000e+00
0.000000000000000000e+00
0.000000000000000000e+00
0.000000000000000000e+00
0.000000000000000000e+00
0.000000000000000000e+00
0.000000000000000000e+00
0.000000000000000000e+00
0.000000000000000000e+00
0.000000000000000000e+00
0.000000000000000000e+00
0.000000000000000000e+00
0.000000000000000000e+00
0.000000000000000000e+00
0.000000000000000000e+00
0.000000000000000000e+00
0.000000000000000000e+00
0.000000000000000000e+00
0.000000000000000000e+00
0.000000000000000000e+00
0.000000000000000000e+00
0.000000000000000000e+00
0.000000000000000000e+00
0.000000000000000000e+00
0.000000000000000000e+00
0.000000000000000000e+00
0.000000000000000000e+00
0.000000000000000000e+00
0.000000000000000000e+00
0.000000000000000000e+00
0.000000000000000000e+00
0.000000000000000000e+00
0.000000000000000000e+00
0.000000000000000000e+00
0.000000000000000000e+00
0.000000000000000000e+00
0.000000000000000000e+00
0.000000000000000000e+00
0.000000000000000000e+00
0.000000000000000000e+00
0.000000000000000000e+00
0.000000000000000000e+00
0.000000000000000000e+00
0.000000000000000000e+00
0.000000000000000000e+00
0.000000000000000000e+00
0.000000000000000000e+00
0.000000000000000000e+00
0.000000000000000000e+00
0.000000000000000000e+00
0.000000000000000000e+00
0.000000000000000000e+00
0.000000000000000000e+00
0.000000000000000000e+00
0.000000000000000000e+00
0.000000000000000000e+00
0.000000000000000000e+00
0.000000000000000000e+00
0.000000000000000000e+00
0.000000000000000000e+00
0.000000000000000000e+00
0.000000000000000000e+00
0.000000000000000000e+00
0.000000000000000000e+00
0.000000000000000000e+00
0.000000000000000000e+00
0.000000000000000000e+00
0.000000000000000000e+00
0.000000000000000000e+00
0.000000000000000000e+00
0.000000000000000000e+00
0.000000000000000000e+00
0.000000000000000000e+00
0.000000000000000000e+00
0.000000000000000000e+00
0.000000000000000000e+00
0.000000000000000000e+00
0.000000000000000000e+00
0.000000000000000000e+00
0.000000000000000000e+00
0.000000000000000000e+00
0.000000000000000000e+00
0.000000000000000000e+00
0.000000000000000000e+00
0.000000000000000000e+00
0.000000000000000000e+00
0.000000000000000000e+00
0.000000000000000000e+00
0.000000000000000000e+00
0.000000000000000000e+00
0.000000000000000000e+00
0.000000000000000000e+00
0.000000000000000000e+00
0.000000000000000000e+00
0.000000000000000000e+00
0.000000000000000000e+00
0.000000000000000000e+00
0.000000000000000000e+00
0.000000000000000000e+00
0.000000000000000000e+00
0.000000000000000000e+00
0.000000000000000000e+00
0.000000000000000000e+00
0.000000000000000000e+00
0.000000000000000000e+00
0.000000000000000000e+00
0.000000000000000000e+00
0.000000000000000000e+00
0.000000000000000000e+00
0.000000000000000000e+00
0.000000000000000000e+00
0.000000000000000000e+00
0.000000000000000000e+00
0.000000000000000000e+00
0.000000000000000000e+00
0.000000000000000000e+00
0.000000000000000000e+00
0.000000000000000000e+00
0.000000000000000000e+00
0.000000000000000000e+00
0.000000000000000000e+00
0.000000000000000000e+00
0.000000000000000000e+00
0.000000000000000000e+00
0.000000000000000000e+00
0.000000000000000000e+00
0.000000000000000000e+00
0.000000000000000000e+00
0.000000000000000000e+00
0.000000000000000000e+00
0.000000000000000000e+00
0.000000000000000000e+00
0.000000000000000000e+00
0.000000000000000000e+00
0.000000000000000000e+00
0.000000000000000000e+00
0.000000000000000000e+00
0.000000000000000000e+00
0.000000000000000000e+00
0.000000000000000000e+00
0.000000000000000000e+00
0.000000000000000000e+00
0.000000000000000000e+00
0.000000000000000000e+00
0.000000000000000000e+00
0.000000000000000000e+00
0.000000000000000000e+00
0.000000000000000000e+00
0.000000000000000000e+00
0.000000000000000000e+00
0.000000000000000000e+00
0.000000000000000000e+00
0.000000000000000000e+00
0.000000000000000000e+00
0.000000000000000000e+00
0.000000000000000000e+00
0.000000000000000000e+00
0.000000000000000000e+00
0.000000000000000000e+00
0.000000000000000000e+00
0.000000000000000000e+00
0.000000000000000000e+00
0.000000000000000000e+00
0.000000000000000000e+00
0.000000000000000000e+00
0.000000000000000000e+00
0.000000000000000000e+00
0.000000000000000000e+00
0.000000000000000000e+00
0.000000000000000000e+00
0.000000000000000000e+00
0.000000000000000000e+00
0.000000000000000000e+00
0.000000000000000000e+00
0.000000000000000000e+00
0.000000000000000000e+00
0.000000000000000000e+00
0.000000000000000000e+00
0.000000000000000000e+00
0.000000000000000000e+00
0.000000000000000000e+00
0.000000000000000000e+00
0.000000000000000000e+00
0.000000000000000000e+00
0.000000000000000000e+00
0.000000000000000000e+00
0.000000000000000000e+00
0.000000000000000000e+00
0.000000000000000000e+00
0.000000000000000000e+00
0.000000000000000000e+00
0.000000000000000000e+00
0.000000000000000000e+00
0.000000000000000000e+00
0.000000000000000000e+00
0.000000000000000000e+00
0.000000000000000000e+00
0.000000000000000000e+00
0.000000000000000000e+00
0.000000000000000000e+00
0.000000000000000000e+00
0.000000000000000000e+00
0.000000000000000000e+00
0.000000000000000000e+00
0.000000000000000000e+00
0.000000000000000000e+00
0.000000000000000000e+00
0.000000000000000000e+00
0.000000000000000000e+00
0.000000000000000000e+00
0.000000000000000000e+00
0.000000000000000000e+00
0.000000000000000000e+00
0.000000000000000000e+00
0.000000000000000000e+00
0.000000000000000000e+00
0.000000000000000000e+00
0.000000000000000000e+00
0.000000000000000000e+00
0.000000000000000000e+00
0.000000000000000000e+00
0.000000000000000000e+00
0.000000000000000000e+00
0.000000000000000000e+00
0.000000000000000000e+00
0.000000000000000000e+00
0.000000000000000000e+00
0.000000000000000000e+00
0.000000000000000000e+00
0.000000000000000000e+00
0.000000000000000000e+00
0.000000000000000000e+00
0.000000000000000000e+00
0.000000000000000000e+00
0.000000000000000000e+00
0.000000000000000000e+00
0.000000000000000000e+00
0.000000000000000000e+00
0.000000000000000000e+00
0.000000000000000000e+00
0.000000000000000000e+00
0.000000000000000000e+00
0.000000000000000000e+00
0.000000000000000000e+00
0.000000000000000000e+00
0.000000000000000000e+00
0.000000000000000000e+00
0.000000000000000000e+00
0.000000000000000000e+00
0.000000000000000000e+00
0.000000000000000000e+00
0.000000000000000000e+00
0.000000000000000000e+00
0.000000000000000000e+00
0.000000000000000000e+00
0.000000000000000000e+00
0.000000000000000000e+00
0.000000000000000000e+00
0.000000000000000000e+00
0.000000000000000000e+00
0.000000000000000000e+00
0.000000000000000000e+00
0.000000000000000000e+00
0.000000000000000000e+00
0.000000000000000000e+00
0.000000000000000000e+00
0.000000000000000000e+00
0.000000000000000000e+00
0.000000000000000000e+00
0.000000000000000000e+00
0.000000000000000000e+00
0.000000000000000000e+00
0.000000000000000000e+00
0.000000000000000000e+00
0.000000000000000000e+00
0.000000000000000000e+00
0.000000000000000000e+00
0.000000000000000000e+00
0.000000000000000000e+00
0.000000000000000000e+00
0.000000000000000000e+00
0.000000000000000000e+00
0.000000000000000000e+00
0.000000000000000000e+00
0.000000000000000000e+00
0.000000000000000000e+00
0.000000000000000000e+00
0.000000000000000000e+00
0.000000000000000000e+00
0.000000000000000000e+00
0.000000000000000000e+00
0.000000000000000000e+00
0.000000000000000000e+00
0.000000000000000000e+00
0.000000000000000000e+00
0.000000000000000000e+00
0.000000000000000000e+00
0.000000000000000000e+00
0.000000000000000000e+00
0.000000000000000000e+00
0.000000000000000000e+00
0.000000000000000000e+00
0.000000000000000000e+00
0.000000000000000000e+00
3.270828798341417354e+01
3.168383347334120614e+01
3.019530517276364989e+01
2.867856267592732067e+01
2.785921186502127256e+01
2.749639179154199198e+01
2.708079715149922606e+01
2.593139481827382653e+01
2.504238348047428886e+01
2.426006903046858199e+01
2.353511572829279785e+01
2.284414040106545585e+01
2.224556390144309859e+01
2.168211244049881614e+01
2.114139889956597429e+01
2.060174560030445434e+01
2.001538168579843102e+01
1.950527985753566540e+01
1.896247793663793146e+01
1.831895666903946562e+01
1.772169237269570274e+01
1.694853769846324099e+01
1.614839586418509754e+01
1.523555673814772504e+01
1.586689603090009193e+01
1.743883444502945324e+01
1.648812099282686106e+01
1.563392257940340713e+01
1.479629183433540085e+01
1.367350269027404508e+01
1.227631956963921134e+01
1.082187816516238321e+01
1.246416379307106581e+01
8.524206158807647427e+00
8.247835921361927447e+00
2.351329273999770919e+01
2.804383335381609399e+01
2.344570379672259719e+01
2.077933967588618103e+01
1.934675082250803868e+01
1.822208802056595545e+01
1.729827128919339785e+01
1.741629869122172636e+01
1.673949868239699157e+01
1.610498412715250538e+01
1.561310283097122031e+01
1.518642102122570492e+01
1.479672344207432033e+01
1.443382771201492432e+01
1.410894146083035672e+01
1.387241361133662743e+01
1.361931477195931883e+01
1.330959106212027265e+01
1.303909931137229172e+01
1.280861258133160163e+01
1.260259654206384461e+01
1.248741670121997416e+01
1.245921241839296378e+01
1.234935953104522177e+01
1.215821460724543712e+01
1.193457964948327010e+01
1.169740158786145123e+01
1.146193102278057374e+01
1.123258484856674322e+01
1.101589839222238787e+01
1.080721055910852257e+01
1.060227872053196663e+01
1.039861562894307667e+01
1.019589236206851268e+01
9.999452570438181809e+00
9.810639474197277110e+00
9.635723876873031557e+00
9.480131623731397283e+00
9.358788641875243286e+00
9.258474933349219782e+00
9.152636015508667455e+00
9.026590111137327455e+00
8.902842969268721873e+00
8.832698215064878511e+00
8.863203297719651985e+00
8.876168285498284405e+00
8.720526026648816043e+00
8.497313295304813607e+00
8.285714772335104783e+00
8.096780026824180965e+00
7.923797672034605277e+00
7.758581088891276956e+00
7.603039305344837295e+00
7.457508183830407589e+00
7.319288257982585755e+00
7.180405348747199490e+00
7.040950643523379959e+00
6.901152494205668120e+00
6.762977118578495705e+00
6.630706881296664079e+00
6.497775909086040969e+00
6.361156971481510602e+00
6.223284865736227189e+00
6.084785919792806475e+00
5.946795592283963039e+00
5.809331344286988497e+00
5.672295684277909977e+00
5.542421757454007114e+00
5.424141150967729530e+00
5.317665529219499199e+00
5.213199032278905243e+00
5.110216480383924065e+00
5.008468875513473861e+00
4.900639844982125126e+00
4.777601641329689564e+00
4.638027650744760422e+00
4.488810175393392221e+00
4.337310024487418758e+00
4.183162502166610786e+00
4.026258576102396347e+00
3.867147503544751341e+00
3.704828898554727079e+00
3.536489943561165639e+00
3.359797393530250975e+00
3.171816269284238654e+00
2.970405653192183415e+00
2.758951298743275160e+00
2.549998817118461325e+00
2.359162108501076105e+00
2.202321996239922530e+00
2.125879878492249020e+00
2.219970315729403953e+00
2.616476979250878188e+00
3.585602681990648577e+00
5.374763629862061798e+00
6.623483819886505586e+00
6.403673434124561581e+00
5.717230865958159214e+00
5.069937896670135835e+00
4.546735622748942163e+00
4.162501861505673695e+00
3.873642402889854619e+00
3.631672211208709200e+00
3.411498348305568751e+00
3.217304565215196810e+00
3.045745490118323406e+00
2.889088976565370892e+00
2.742472453899692741e+00
2.605434231365536757e+00
2.476228931026451363e+00
2.355246963447202635e+00
2.241245447350796560e+00
2.130981020298675865e+00
2.018925404351479713e+00
1.903281584736630894e+00
1.785916048371035902e+00
1.669581766448945848e+00
1.554288240739861715e+00
1.442014319821943946e+00
1.333504868267610943e+00
1.227749613048145116e+00
1.123493738762472383e+00
1.019825212212063015e+00
9.156611361699132923e-01
8.143756582708572278e-01
7.161334937883964136e-01
6.195024471835368640e-01
5.249528638450374762e-01
4.319429828718581166e-01
3.391565372115526444e-01
2.465201960351739718e-01
1.520176973538048537e-01
5.528368016915825162e-02
-4.280028301949449776e-02
-1.411589884839708764e-01
-2.388481220673099314e-01
-3.364446803266383235e-01
-4.345846260448452125e-01
-5.356487354281552760e-01
-6.405798395749057184e-01
-7.502632215105047297e-01
-8.658880187972657350e-01
-9.904190617606817293e-01
-1.123873075671129929e+00
-1.264994662692099592e+00
-1.401848002732803744e+00
-1.499852555266444787e+00
-1.486573539539154387e+00
-1.225063816172873521e+00
-7.079052955626329302e-01
-4.621045602412068160e-02
4.528169669587470136e-01
3.708782618385488838e-01
1.677869207287990133e-02
-3.210239412960314009e-01
-5.965772857659018547e-01
-8.233054499215336497e-01
-1.016091451924122646e+00
-1.183204367559310910e+00
-1.329783999439373199e+00
-1.461275560253681105e+00
-1.582361286867870920e+00
-1.695116215905923873e+00
-1.802156900821761720e+00
-1.904252682818438513e+00
-2.002604720300296126e+00
-2.097612280954943120e+00
-2.189404623090696500e+00
-2.278705003490741454e+00
-2.364680330724525881e+00
-2.446973280945550666e+00
-2.524826585145340196e+00
-2.598549037364957570e+00
-2.668484438961488792e+00
-2.732952639389085725e+00
-2.793035764739831617e+00
-2.853669703099636301e+00
-2.917076900552721508e+00
-2.985289418370781434e+00
-3.060027131633301423e+00
-3.135711472271549560e+00
-3.211049385032708869e+00
-3.286062497283479544e+00
-3.360010772020961323e+00
-3.433117768207904152e+00
-3.505899590001170907e+00
-3.576670814587350922e+00
-3.646449248486054895e+00
-3.714799074557880498e+00
-3.781841445285758496e+00
-3.848251892994193568e+00
-3.914596352841668736e+00
-3.980729865778868337e+00
-4.047476208702436296e+00
-4.114243568266356732e+00
-4.180442543085250762e+00
-4.246140775872864204e+00
-4.308959735303123040e+00
-4.368498001077258941e+00
-4.424283136209466782e+00
-4.477592358294249841e+00
-4.531566119262495640e+00
-4.588633489118064901e+00
-4.648664204364595598e+00
-4.714239885920151529e+00
-4.787299671615971697e+00
-4.863203617188028183e+00
-4.939910843086077641e+00
-5.016411615773096244e+00
-5.091268427045874567e+00
-5.164654542796188075e+00
-5.236519189289629672e+00
-5.307049748701161640e+00
-5.376107278743734952e+00
-5.445122430792150858e+00
-5.513837937915297083e+00
-5.582239780517129546e+00
-5.651194681460924407e+00
-5.720637283773575277e+00
-5.788082990897032154e+00
-5.854131432506994415e+00
-5.917761039576162396e+00
-5.979028072243013803e+00
-6.042645352216306165e+00
-6.108341738458619830e+00
-6.175396124515598828e+00
-6.245214232305700719e+00
-6.315132756201863096e+00
-6.386767046022846728e+00
-6.458033241585985351e+00
-6.528240935768510944e+00
-6.597440711640217614e+00
-6.663164353007973162e+00
-6.725206006724391727e+00
-6.781028795344624882e+00
-6.827418322404906093e+00
-6.856220233489610294e+00
-6.861157737568755799e+00
-6.827359121865518965e+00
-6.757168652914797846e+00
-6.657576402206685451e+00
-6.549028781366162733e+00
-6.441174852255799443e+00
-6.342292070052938158e+00
-6.259592763938416127e+00
-6.204953387221492811e+00
-6.177951540096925598e+00
-6.182710269188888219e+00
-6.216936024905654889e+00
-6.283874299663144036e+00
-6.374735764985593356e+00
-6.490370339188427984e+00
-6.617403778732935393e+00
-6.746384847607025392e+00
-6.871044898990210648e+00
-6.988941637409159746e+00
-7.099918128526432781e+00
-7.203696011052572068e+00
-7.302757813462734227e+00
-7.397062174438154614e+00
-7.487823449836850997e+00
-7.575804511094505145e+00
-7.660026050806670206e+00
-7.742812511547916721e+00
-7.819972319186606846e+00
-7.895525582489940852e+00
-7.967966344116607758e+00
-8.036691758406607988e+00
-8.103937689407951339e+00
-8.170305101239014434e+00
-8.236765603911949896e+00
-8.302860954472915722e+00
-8.368489098455830444e+00
-8.435294752741469892e+00
-8.502031123955863023e+00
-8.567962600313702382e+00
-8.632573735084918098e+00
-8.696212429197734295e+00
-8.758826144417120929e+00
-8.820606117135143975e+00
-8.881833664288951269e+00
-8.942008654475428031e+00
-9.001438389671079676e+00
-9.059962925888786600e+00
-9.117980028352580035e+00
-9.173872058067601643e+00
-9.227439452848972934e+00
-9.278193914276894105e+00
-9.323405022703081357e+00
-9.364683745725768560e+00
-9.399998742933798113e+00
-9.427412514614696093e+00
-9.439058913116697980e+00
-9.428685538290524804e+00
-9.397297997165839689e+00
-9.364917373890033758e+00
-9.343713408425108113e+00
-9.343905768128205835e+00
-9.371094012504773474e+00
-9.428421692776845831e+00
-9.507841207537062189e+00
-9.598999879169079819e+00
-9.690716932495163860e+00
-9.779051254745803945e+00
-9.863171753741687198e+00
-9.941811648582083549e+00
-1.001568013144978408e+01
-1.008599409648910772e+01
-1.015399676243882254e+01
-1.021848255910776615e+01
-1.028029176324735161e+01
-1.034119975824194526e+01
-1.040001533342903883e+01
-1.045733046918786791e+01
-1.051291031503045481e+01
-1.056694087301939433e+01
-1.062090638123633113e+01
-1.067077885368354018e+01
-1.072043582869593337e+01
-1.076894705495701920e+01
-1.081472956767479232e+01
-1.085808654186331523e+01
-1.089937157261236500e+01
-1.094006967374109962e+01
-1.098195592948529153e+01
-1.102714861673714530e+01
-1.107745637617319190e+01
-1.113008434441401917e+01
-1.118637336145562244e+01
-1.124510319632297595e+01
-1.130433353788037820e+01
-1.136339590308909209e+01
-1.142162903882081437e+01
-1.147842318603224498e+01
-1.153504065420064073e+01
-1.158981928113320947e+01
-1.164471303994091222e+01
-1.169828796897611944e+01
-1.175054214543417430e+01
-1.180044297964362876e+01
-1.184914511390436864e+01
-1.189525179497937124e+01
-1.193827647477086806e+01
-1.197659413170125831e+01
-1.201055599869114054e+01
-1.203964094975038357e+01
-1.206365315368832647e+01
-1.208465443362522862e+01
-1.210314132064089776e+01
-1.211991107402023715e+01
-1.214005463908852001e+01
-1.216820466327433614e+01
-1.220394039747382031e+01
-1.224631144401504557e+01
-1.229613575745356080e+01
-1.235232949242049827e+01
-1.241396534194489298e+01
-1.247921859461053096e+01
-1.254574752427804363e+01
-1.261270325000220183e+01
-1.267761920890420413e+01
-1.273944332410274605e+01
-1.279949585153906000e+01
-1.285555564081045254e+01
-1.291375885844374594e+01
-1.296808651074474561e+01
-1.302116088086569157e+01
-1.307256180383757282e+01
-1.312157313747796472e+01
-1.317068516325434224e+01
-1.321866956682271166e+01
-1.326594726412068681e+01
-1.331142878380316397e+01
-1.335706528371192547e+01
-1.340213763391545676e+01
-1.344567873995098317e+01
-1.348939572922715868e+01
-1.353187618961866434e+01
-1.357197680241008442e+01
-1.361247248737284288e+01
-1.364953581597750620e+01
-1.368444758399256678e+01
-1.371488933408392441e+01
-1.373953046316581350e+01
-1.375900863194371837e+01
-1.377282458888076455e+01
-1.377640329017292409e+01
-1.377012671662308385e+01
-1.375286182519194966e+01
-1.372860028553097145e+01
-1.369555260248886341e+01
-1.366118169382541048e+01
-1.362587368083583073e+01
-1.359444401461212415e+01
-1.356975765376730081e+01
-1.355912992897364333e+01
-1.356280931258360312e+01
-1.358149149778457776e+01
-1.361639545863638290e+01
-1.366331293489470866e+01
-1.372052919831964246e+01
-1.378827111430315178e+01
-1.386531381918016415e+01
-1.395008495364521295e+01
-1.403806610673490418e+01
-1.412731639250403504e+01
-1.421400333816974104e+01
-1.429985728696847858e+01
-1.438186680462764322e+01
-1.445953726880424028e+01
-1.453403304455819445e+01
-1.460364419410407777e+01
-1.467002970065285794e+01
-1.473303644221352471e+01
-1.479419964105435348e+01
-1.485327210742801896e+01
-1.491138723030573665e+01
-1.496909447868856624e+01
-1.502622099775957132e+01
-1.508216690388181647e+01
-1.513729903616316363e+01
-1.519290094795841384e+01
-1.524650282104135002e+01
-1.530043338936001440e+01
-1.535223981063633225e+01
-1.540335325091164798e+01
-1.545285994487702119e+01
-1.550027956601399026e+01
-1.554503282602773062e+01
-1.558815500061156634e+01
-1.562793534188639555e+01
-1.566657223450302538e+01
-1.570208386790072908e+01
-1.573490049188152007e+01
-1.576715412899269175e+01
-1.579899219808324240e+01
-1.583126935011313385e+01
-1.586432128774923811e+01
-1.589728247042755704e+01
-1.593295599375901084e+01
-1.597093820317651414e+01
-1.601282212324901622e+01
-1.605685962479824624e+01
-1.610310297583780681e+01
-1.615186596636938887e+01
-1.620122364455337305e+01
-1.624917022749940543e+01
-1.629787350986629946e+01
-1.634502161810570442e+01
-1.639302491104622206e+01
-1.643976153256307171e+01
-1.648494278901199550e+01
-1.652875303311889610e+01
-1.657053508382764306e+01
-1.661121954436272219e+01
-1.665249221681008152e+01
-1.669200396256065844e+01
-1.673075566857642471e+01
-1.677018623085387716e+01
-1.680692120276597734e+01
-1.684372303848958197e+01
-1.687988248401612168e+01
-1.691518373080701210e+01
-1.695051559525936113e+01
-1.698050802355643185e+01
